[gd_scene load_steps=9 format=3 uid="uid://b360bt2tbr7p2"]

[ext_resource type="ArrayMesh" uid="uid://bixl5bdtp0nox" path="res://assets/models/characters/meshes/characters_Plane_005.res" id="1_u4aek"]
[ext_resource type="Animation" uid="uid://f12pjy3fbv44" path="res://assets/models/characters/animations/idle_generic.res" id="2_ahhar"]
[ext_resource type="Animation" uid="uid://k5tsqu7ikop5" path="res://assets/models/characters/animations/idle_generic2.res" id="3_6tsbf"]
[ext_resource type="Animation" uid="uid://cvj6i0y6jh4sr" path="res://assets/models/characters/animations/idle_generic3.res" id="4_ivghu"]
[ext_resource type="Animation" uid="uid://b3k4tlr5rvmeu" path="res://assets/models/characters/animations/idle_generic4.res" id="5_asqb0"]
[ext_resource type="Animation" uid="uid://bc4huomf7l6ej" path="res://assets/models/characters/animations/idle_generic5.res" id="6_3vuo6"]

[sub_resource type="Skin" id="Skin_64d77"]
resource_name = "Skin3"
bind_count = 44
bind/0/name = &"Bone"
bind/0/bone = -1
bind/0/pose = Transform3D(-1, 0, 0, 0, 0, 1, 0, 1, 0, 0, 0, 0)
bind/1/name = &"bip_foot_ik_L"
bind/1/bone = -1
bind/1/pose = Transform3D(1, -1.30479e-07, -7.59933e-08, 7.10543e-15, -0.50328, 0.864123, -1.50996e-07, -0.864123, -0.503281, -0.0817388, 0.0626236, 0.0503874)
bind/2/name = &"bip_foot_ik_R"
bind/2/bone = -1
bind/2/pose = Transform3D(1, -1.30479e-07, -7.59933e-08, 7.10543e-15, -0.50328, 0.864123, -1.50996e-07, -0.864123, -0.503281, 0.0817388, 0.0626236, 0.0503874)
bind/3/name = &"bip_Hand_ik_L"
bind/3/bone = -1
bind/3/pose = Transform3D(-0.0846799, 0.0527058, 0.995013, 0.612438, -0.784946, 0.0936996, 0.78597, 0.617318, 0.0341902, 0.0502529, 0.397875, -0.80124)
bind/4/name = &"bip_Hand_ik_R"
bind/4/bone = -1
bind/4/pose = Transform3D(-0.0846799, -0.0527058, -0.995013, -0.612438, -0.784946, 0.0936996, -0.78597, 0.617318, 0.0341902, -0.0502529, 0.397875, -0.80124)
bind/5/name = &"bip_Hand_pole_L"
bind/5/bone = -1
bind/5/pose = Transform3D(1, 0, 0, 0, 0, -1, 0, 1, 0, -0.269983, -0.413504, -0.968099)
bind/6/name = &"bip_Hand_pole_R"
bind/6/bone = -1
bind/6/pose = Transform3D(1, 0, 0, 0, 0, -1, 0, 1, 0, 0.269983, -0.413504, -0.968099)
bind/7/name = &"bip_foot_pole_L"
bind/7/bone = -1
bind/7/pose = Transform3D(-1, 0, 0, 0, 0, 1, 0, 1, 0, 0.0830485, -0.261981, -0.449413)
bind/8/name = &"bip_foot_pole_R"
bind/8/bone = -1
bind/8/pose = Transform3D(-1, 0, 0, 0, 0, 1, 0, 1, 0, -0.0830485, -0.261981, -0.449413)
bind/9/name = &"bip_pelvis"
bind/9/bone = -1
bind/9/pose = Transform3D(1, -4.51903e-09, 1.50928e-07, -4.44089e-16, 0.999552, 0.0299282, -1.50996e-07, -0.0299282, 0.999552, 9.38482e-09, -0.849509, 0.0621528)
bind/10/name = &"bip_spine"
bind/10/bone = -1
bind/10/pose = Transform3D(1, 3.98922e-10, 6.35301e-08, -6.38378e-16, 0.99998, -0.00627914, -6.35314e-08, 0.00627913, 0.99998, 1.71582e-09, -0.97125, 0.0270075)
bind/11/name = &"bip_collar_L"
bind/11/bone = -1
bind/11/pose = Transform3D(0.00371034, 0.00719935, 0.999967, 0.888905, -0.458092, -4.35859e-07, 0.458077, 0.888875, -0.00809921, 0.048353, 0.52393, -1.09338)
bind/12/name = &"bip_ArmUp_L"
bind/12/bone = -1
bind/12/pose = Transform3D(0.0264044, -0.00449871, 0.999641, 0.60427, -0.79654, -0.0195461, 0.796342, 0.604569, -0.0183138, 0.059339, 0.858898, -0.80142)
bind/13/name = &"bip_ArmLow_L"
bind/13/bone = -1
bind/13/pose = Transform3D(-0.00368061, 0.0110081, 0.999933, 0.592021, -0.805847, 0.0110503, 0.805914, 0.592022, -0.00355112, 0.0524675, 0.62099, -0.79094)
bind/14/name = &"bip_Hand_L"
bind/14/bone = -1
bind/14/pose = Transform3D(-0.0846801, 0.0527057, 0.995014, 0.612438, -0.784946, 0.0936995, 0.78597, 0.617319, 0.0341902, 0.0502531, 0.397874, -0.801241)
bind/15/name = &"bip_finger0_L"
bind/15/bone = -1
bind/15/pose = Transform3D(-0.0483103, 0.0370299, 0.998146, 0.488266, -0.8709, 0.0559411, 0.871357, 0.490063, 0.0239928, 0.0533838, 0.408333, -0.745298)
bind/16/name = &"bip_finger1_L"
bind/16/bone = -1
bind/16/pose = Transform3D(-0.0447287, 0.0306431, 0.998529, 0.444352, -0.8946, 0.0473581, 0.894735, 0.445817, 0.0263978, 0.0562176, 0.423129, -0.725015)
bind/17/name = &"bip_finger2_L"
bind/17/bone = -1
bind/17/pose = Transform3D(-0.0290341, 0.00268628, 0.999575, 0.178883, -0.983839, 0.00783974, 0.983442, 0.179034, 0.0280842, 0.0678977, 0.585909, -0.585162)
bind/18/name = &"bip_index0_L"
bind/18/bone = -1
bind/18/pose = Transform3D(-0.0814983, 0.09634, 0.992007, 0.509291, -0.851536, 0.124539, 0.856727, 0.515369, 0.0203335, -0.0124141, 0.38799, -0.757116)
bind/19/name = &"bip_index1_L"
bind/19/bone = -1
bind/19/pose = Transform3D(-0.0700017, 0.0757684, 0.994666, 0.380285, -0.919787, 0.0968278, 0.922216, 0.385034, 0.0355729, -0.00319288, 0.473549, -0.695334)
bind/20/name = &"bip_index2_L"
bind/20/bone = -1
bind/20/pose = Transform3D(-0.069628, 0.0751006, 0.994742, 0.172464, -0.981241, 0.086153, 0.982552, 0.177556, 0.0553695, -0.00291025, 0.591564, -0.581422)
bind/21/name = &"bip_thumb0_L"
bind/21/bone = -1
bind/21/pose = Transform3D(-0.741515, 0.4308, 0.514361, -0.0448217, -0.796725, 0.602677, 0.669438, 0.423839, 0.610093, -0.00964852, 0.63967, -0.596273)
bind/22/name = &"bip_thumb1_L"
bind/22/bone = -1
bind/22/pose = Transform3D(-0.641144, 0.313063, 0.700662, -0.0874525, -0.936866, 0.338578, 0.762421, 0.155802, 0.628044, 0.0354619, 0.732011, -0.436228)
bind/23/name = &"bip_head"
bind/23/bone = -1
bind/23/pose = Transform3D(1, -1.2116e-08, 6.10462e-08, 0, 0.980868, 0.194676, -6.2237e-08, -0.194676, 0.980868, 1.76628e-08, -1.24985, 0.283799)
bind/24/name = &"misc_hair"
bind/24/bone = -1
bind/24/pose = Transform3D(1, 1.76738e-08, -1.75586e-07, -2.34474e-13, -0.994972, -0.100152, -1.76472e-07, 0.100148, -0.994952, -5.04837e-08, 1.25059, -0.286065)
bind/25/name = &"bip_collar_R"
bind/25/bone = -1
bind/25/pose = Transform3D(0.00371038, -0.00719944, -0.999967, -0.888905, -0.458092, -4.26779e-07, -0.458077, 0.888875, -0.00809931, -0.0483529, 0.52393, -1.09338)
bind/26/name = &"bip_ArmUp_R"
bind/26/bone = -1
bind/26/pose = Transform3D(0.0264045, 0.00449866, -0.999641, -0.60427, -0.79654, -0.0195461, -0.796342, 0.60457, -0.0183139, -0.059339, 0.858898, -0.80142)
bind/27/name = &"bip_ArmLow_R"
bind/27/bone = -1
bind/27/pose = Transform3D(-0.00368054, -0.0110081, -0.999933, -0.592021, -0.805847, 0.0110503, -0.805914, 0.592022, -0.00355121, -0.0524674, 0.62099, -0.79094)
bind/28/name = &"bip_Hand_R"
bind/28/bone = -1
bind/28/pose = Transform3D(-0.08468, -0.0527057, -0.995014, -0.612439, -0.784946, 0.0936995, -0.78597, 0.617319, 0.0341901, -0.050253, 0.397874, -0.801241)
bind/29/name = &"bip_finger0_R"
bind/29/bone = -1
bind/29/pose = Transform3D(-0.0483102, -0.0370299, -0.998146, -0.488266, -0.8709, 0.0559411, -0.871357, 0.490063, 0.0239927, -0.0533837, 0.408333, -0.745298)
bind/30/name = &"bip_finger1_R"
bind/30/bone = -1
bind/30/pose = Transform3D(-0.0447286, -0.0306432, -0.998529, -0.444352, -0.8946, 0.0473581, -0.894735, 0.445817, 0.0263977, -0.0562176, 0.423129, -0.725015)
bind/31/name = &"bip_finger2_R"
bind/31/bone = -1
bind/31/pose = Transform3D(-0.029034, -0.00268629, -0.999575, -0.178883, -0.983839, 0.00783976, -0.983442, 0.179034, 0.0280841, -0.0678976, 0.585909, -0.585162)
bind/32/name = &"bip_index0_R"
bind/32/bone = -1
bind/32/pose = Transform3D(-0.0814982, -0.09634, -0.992007, -0.509291, -0.851536, 0.124539, -0.856727, 0.515369, 0.0203334, 0.0124142, 0.38799, -0.757116)
bind/33/name = &"bip_index1_R"
bind/33/bone = -1
bind/33/pose = Transform3D(-0.0700016, -0.0757685, -0.994666, -0.380285, -0.919787, 0.0968278, -0.922216, 0.385035, 0.0355728, 0.00319296, 0.473549, -0.695334)
bind/34/name = &"bip_index2_R"
bind/34/bone = -1
bind/34/pose = Transform3D(-0.0696279, -0.0751007, -0.994742, -0.172464, -0.981241, 0.0861531, -0.982552, 0.177556, 0.0553694, 0.00291031, 0.591564, -0.581422)
bind/35/name = &"bip_thumb0_R"
bind/35/bone = -1
bind/35/pose = Transform3D(-0.741515, -0.4308, -0.514361, 0.0448215, -0.796725, 0.602677, -0.669438, 0.423839, 0.610093, 0.00964863, 0.63967, -0.596274)
bind/36/name = &"bip_thumb1_R"
bind/36/bone = -1
bind/36/pose = Transform3D(-0.641144, -0.313063, -0.700662, 0.0874524, -0.936866, 0.338577, -0.762422, 0.155802, 0.628044, -0.0354618, 0.732011, -0.436228)
bind/37/name = &"bip_LegUp_L"
bind/37/bone = -1
bind/37/pose = Transform3D(1, -2.8657e-08, 4.50654e-08, -3.07811e-08, -0.998854, 0.0478598, 4.36462e-08, -0.0478601, -0.998845, -0.0830485, 0.840996, 0.00355381)
bind/38/name = &"bip_legLow_L"
bind/38/bone = -1
bind/38/pose = Transform3D(0.999988, -0.00339793, -0.00349709, -0.0034972, -0.999579, -0.0287824, -0.00339785, 0.0287947, -0.99957, -0.0815833, 0.448997, -0.0306267)
bind/39/name = &"bip_foot_L"
bind/39/bone = -1
bind/39/pose = Transform3D(1, 2.14355e-07, 1.25114e-07, 3.07115e-10, -0.503284, 0.864113, 2.48491e-07, -0.864121, -0.503279, -0.0817388, 0.0626236, 0.0503872)
bind/40/name = &"bip_LegUp_R"
bind/40/bone = -1
bind/40/pose = Transform3D(1, 1.12758e-08, 8.26695e-08, 7.3065e-09, -0.998854, 0.0478598, 8.31092e-08, -0.0478601, -0.998845, 0.0830485, 0.840996, 0.00355382)
bind/41/name = &"bip_legLow_R"
bind/41/bone = -1
bind/41/pose = Transform3D(0.999988, 0.00339792, 0.00349722, 0.0034972, -0.999579, -0.0287824, 0.00339798, 0.0287947, -0.99957, 0.0815833, 0.448997, -0.0306267)
bind/42/name = &"bip_foot_R"
bind/42/bone = -1
bind/42/pose = Transform3D(1, 2.48977e-07, 1.45009e-07, -3.9206e-10, -0.503284, 0.864113, 2.88001e-07, -0.864121, -0.503279, 0.0817388, 0.0626236, 0.0503873)
bind/43/name = &"neutral_bone"
bind/43/bone = -1
bind/43/pose = Transform3D(1, 0, 0, 0, 0, -1, 0, 1, 0, 0, 0, 0)

[sub_resource type="AnimationLibrary" id="AnimationLibrary_giu1q"]
_data = {
"idle_generic": ExtResource("2_ahhar"),
"idle_generic2": ExtResource("3_6tsbf"),
"idle_generic3": ExtResource("4_ivghu"),
"idle_generic4": ExtResource("5_asqb0"),
"idle_generic5": ExtResource("6_3vuo6")
}

[node name="PatYoungAdult" type="Node3D"]

[node name="characters" type="Node3D" parent="."]

[node name="character_rig_youngadult_female" type="Node3D" parent="characters"]

[node name="Skeleton3D" type="Skeleton3D" parent="characters/character_rig_youngadult_female"]
bones/0/name = "Bone"
bones/0/parent = -1
bones/0/rest = Transform3D(-1, 0, 0, 0, 0, 1, 0, 1, 0, 0, 0, 0)
bones/0/enabled = true
bones/0/position = Vector3(0, 0, 0)
bones/0/rotation = Quaternion(0, 0.707107, 0.707107, 0)
bones/0/scale = Vector3(1, 1, 1)
bones/1/name = "bip_foot_ik_L"
bones/1/parent = 0
bones/1/rest = Transform3D(-1, 3.55271e-15, 1.50996e-07, -7.59933e-08, 0.864123, -0.503281, -1.30479e-07, -0.503281, -0.864123, -0.0817388, -0.0287555, 0.0750582)
bones/1/enabled = true
bones/1/position = Vector3(-0.116369, -0.0287555, 0.0750582)
bones/1/rotation = Quaternion(-1.96785e-08, 0.965433, -0.26065, 7.28882e-08)
bones/1/scale = Vector3(1, 1, 1)
bones/2/name = "bip_foot_ik_R"
bones/2/parent = 0
bones/2/rest = Transform3D(-1, 3.55271e-15, 1.50996e-07, -7.59933e-08, 0.864123, -0.503281, -1.30479e-07, -0.503281, -0.864123, 0.0817388, -0.0287555, 0.0750582)
bones/2/enabled = true
bones/2/position = Vector3(0.146343, -0.0287555, 0.0750582)
bones/2/rotation = Quaternion(-1.96785e-08, 0.965433, -0.26065, 7.28882e-08)
bones/2/scale = Vector3(1, 1, 1)
bones/3/name = "bip_Hand_ik_L"
bones/3/parent = 0
bones/3/rest = Transform3D(0.0846798, -0.612438, -0.78597, 0.995013, 0.0936996, 0.0341901, 0.0527058, -0.784946, 0.617318, -0.390333, -0.0598885, 0.804282)
bones/3/enabled = true
bones/3/position = Vector3(-0.188591, 0.0430554, 0.706209)
bones/3/rotation = Quaternion(-0.476071, -0.447691, 0.486216, 0.580106)
bones/3/scale = Vector3(1, 1, 1)
bones/4/name = "bip_Hand_ik_R"
bones/4/parent = 0
bones/4/rest = Transform3D(0.0846798, 0.612438, 0.78597, -0.995013, 0.0936996, 0.0341901, -0.0527058, -0.784946, 0.617318, 0.390333, -0.0598885, 0.804282)
bones/4/enabled = true
bones/4/position = Vector3(0.17627, 0.075851, 0.71629)
bones/4/rotation = Quaternion(-0.486062, 0.458383, -0.441396, 0.598998)
bones/4/scale = Vector3(1, 1, 1)
bones/5/name = "bip_Hand_pole_L"
bones/5/parent = 0
bones/5/rest = Transform3D(-1, 0, 0, 0, -1, 0, 0, 0, 1, -0.269983, -0.413504, 0.968099)
bones/5/enabled = true
bones/5/position = Vector3(-0.269983, -0.413504, 0.968099)
bones/5/rotation = Quaternion(0, 0, 1, 0)
bones/5/scale = Vector3(1, 1, 1)
bones/6/name = "bip_Hand_pole_R"
bones/6/parent = 0
bones/6/rest = Transform3D(-1, 0, 0, 0, -1, 0, 0, 0, 1, 0.269983, -0.413504, 0.968099)
bones/6/enabled = true
bones/6/position = Vector3(0.269983, -0.413504, 0.968099)
bones/6/rotation = Quaternion(0, 0, 1, 0)
bones/6/scale = Vector3(1, 1, 1)
bones/7/name = "bip_foot_pole_L"
bones/7/parent = 0
bones/7/rest = Transform3D(1, 0, 0, 0, 1, 0, 0, 0, 1, -0.0830485, 0.261981, 0.449413)
bones/7/enabled = true
bones/7/position = Vector3(-0.0830485, 0.261981, 0.449413)
bones/7/rotation = Quaternion(0, 0, 0, 1)
bones/7/scale = Vector3(1, 1, 1)
bones/8/name = "bip_foot_pole_R"
bones/8/parent = 0
bones/8/rest = Transform3D(1, 0, 0, 0, 1, 0, 0, 0, 1, 0.0830485, 0.261981, 0.449413)
bones/8/enabled = true
bones/8/position = Vector3(0.0830485, 0.261981, 0.449413)
bones/8/rotation = Quaternion(0, 0, 0, 1)
bones/8/scale = Vector3(1, 1, 1)
bones/9/name = "bip_pelvis"
bones/9/parent = 0
bones/9/rest = Transform3D(-1, -2.13163e-14, 1.50996e-07, 1.50928e-07, 0.029928, 0.999552, -4.51904e-09, 0.999552, -0.0299281, 0, -0.0367007, 0.850988)
bones/9/enabled = true
bones/9/position = Vector3(0.000315225, 0.00271579, 0.838248)
bones/9/rotation = Quaternion(0.00203218, 0.710593, 0.703598, -0.0015764)
bones/9/scale = Vector3(1, 1, 1)
bones/10/name = "bip_spine"
bones/10/parent = 9
bones/10/rest = Transform3D(1, -5.46664e-09, 8.73655e-08, 2.30009e-09, 0.999344, 0.0362039, -8.75061e-08, -0.0362039, 0.999344, -4.44089e-16, 0.120127, -1.86265e-09)
bones/10/enabled = true
bones/10/position = Vector3(-4.44089e-16, 0.120127, -1.86265e-09)
bones/10/rotation = Quaternion(0.0550919, 0.0158755, -0.00479675, 0.998344)
bones/10/scale = Vector3(1, 1, 1)
bones/11/name = "bip_collar_L"
bones/11/parent = 10
bones/11/rest = Transform3D(0.00371051, 0.888905, 0.458077, 0.000920295, -0.458083, 0.888909, 0.999992, -0.00287682, -0.00251782, 0.0349482, 0.240623, -0.0225908)
bones/11/enabled = true
bones/11/position = Vector3(0.0349482, 0.240623, -0.0225908)
bones/11/rotation = Quaternion(0.589547, 0.373881, 0.644809, -0.311235)
bones/11/scale = Vector3(1, 1, 1)
bones/12/name = "bip_ArmUp_L"
bones/12/parent = 11
bones/12/rest = Transform3D(0.999674, -0.0230377, -0.0110059, 0.0255317, 0.902027, 0.430923, 1.60187e-07, -0.431064, 0.902321, -2.09548e-09, 0.0930163, -6.5862e-08)
bones/12/enabled = true
bones/12/position = Vector3(-2.09548e-09, 0.0930163, -6.5862e-08)
bones/12/rotation = Quaternion(-0.344616, 0.170005, -0.0930922, 0.918516)
bones/12/scale = Vector3(1, 1, 1)
bones/13/name = "bip_ArmLow_L"
bones/13/parent = 12
bones/13/rest = Transform3D(0.999427, 0.0303038, 0.0150666, -0.0305369, 0.999414, 0.01549, -0.0145884, -0.0159412, 0.999767, -2.79397e-09, 0.252126, -2.82889e-08)
bones/13/enabled = true
bones/13/position = Vector3(-2.79397e-09, 0.252126, -2.82889e-08)
bones/13/rotation = Quaternion(-0.0638877, 0.00734413, -0.123664, 0.990238)
bones/13/scale = Vector3(1, 1, 1)
bones/14/name = "bip_Hand_L"
bones/14/parent = 13
bones/14/rest = Transform3D(0.995838, 0.0827985, 0.0380906, -0.0816097, 0.996158, -0.0317755, -0.0405752, 0.0285347, 0.998769, 7.33417e-09, 0.203286, -1.17565e-07)
bones/14/enabled = true
bones/14/position = Vector3(7.33417e-09, 0.203286, -1.17565e-07)
bones/14/rotation = Quaternion(0.0340692, -0.192842, 0.0540497, 0.979148)
bones/14/scale = Vector3(1, 1, 1)
bones/15/name = "bip_finger0_L"
bones/15/parent = 14
bones/15/rest = Transform3D(0.999211, -0.0315854, -0.0240841, 0.0348724, 0.987884, 0.151227, 0.0190157, -0.151948, 0.988206, -0.00814112, 0.105337, -0.00370288)
bones/15/enabled = true
bones/15/position = Vector3(-0.00814112, 0.105337, -0.00370288)
bones/15/rotation = Quaternion(-0.0760289, -0.0108084, 0.016666, 0.996908)
bones/15/scale = Vector3(1, 1, 1)
bones/16/name = "bip_finger1_L"
bones/16/parent = 15
bones/16/rest = Transform3D(0.999973, -0.00732325, -0.000367358, 0.00733246, 0.998718, 0.0500839, 1.10318e-07, -0.0500852, 0.998745, 3.72529e-09, 0.0216452, -4.95929e-08)
bones/16/enabled = true
bones/16/position = Vector3(3.72529e-09, 0.0216452, -4.95929e-08)
bones/16/rotation = Quaternion(-0.0250503, -9.18965e-05, 0.0036651, 0.99968)
bones/16/scale = Vector3(1, 1, 1)
bones/17/name = "bip_finger2_L"
bones/17/parent = 16
bones/17/rest = Transform3D(0.999485, -0.0303207, -0.0104588, 0.0320336, 0.96, 0.27816, 0.00160643, -0.278352, 0.960478, -7.45058e-09, 0.0212507, 7.10133e-09)
bones/17/enabled = true
bones/17/position = Vector3(-7.45058e-09, 0.0212507, 7.10133e-09)
bones/17/rotation = Quaternion(-0.140541, -0.00304694, 0.0157469, 0.989945)
bones/17/scale = Vector3(1, 1, 1)
bones/18/name = "bip_index0_L"
bones/18/parent = 14
bones/18/rest = Transform3D(0.999039, 0.0359102, -0.0251526, -0.0325837, 0.991988, 0.122061, 0.0293343, -0.121124, 0.992204, 0.029679, 0.105003, -0.00266836)
bones/18/enabled = true
bones/18/position = Vector3(0.029679, 0.105003, -0.00266836)
bones/18/rotation = Quaternion(-0.060924, -0.0136504, -0.0171595, 0.997902)
bones/18/scale = Vector3(1, 1, 1)
bones/19/name = "bip_index1_L"
bones/19/parent = 18
bones/19/rest = Transform3D(0.999719, -0.0235509, -0.00277615, 0.0237036, 0.988966, 0.146236, -0.000698465, -0.146261, 0.989246, 9.31323e-10, 0.0214243, -9.83709e-09)
bones/19/enabled = true
bones/19/position = Vector3(9.31323e-10, 0.0214243, -9.83709e-09)
bones/19/rotation = Quaternion(-0.0733267, -0.00052086, 0.0118464, 0.997238)
bones/19/scale = Vector3(1, 1, 1)
bones/20/name = "bip_index2_L"
bones/20/parent = 19
bones/20/rest = Transform3D(1, -0.000726305, -0.000252878, 0.000763753, 0.97646, 0.215697, 9.02637e-05, -0.215697, 0.97646, 1.39698e-09, 0.0213244, 2.25846e-08)
bones/20/enabled = true
bones/20/position = Vector3(1.39698e-09, 0.0213244, 2.25846e-08)
bones/20/rotation = Quaternion(-0.108489, -8.62949e-05, 0.000374726, 0.994098)
bones/20/scale = Vector3(1, 1, 1)
bones/21/name = "bip_thumb0_L"
bones/21/parent = 14
bones/21/rest = Transform3D(0.597293, 0.561475, 0.572701, -0.744091, 0.654406, 0.134464, -0.299281, -0.506456, 0.808661, 0.0383434, 0.0522678, 0.0020201)
bones/21/enabled = true
bones/21/position = Vector3(0.0383434, 0.0522678, 0.0020201)
bones/21/rotation = Quaternion(-0.183184, 0.249225, -0.373149, 0.874694)
bones/21/scale = Vector3(1, 1, 1)
bones/22/name = "bip_thumb1_L"
bones/22/parent = 21
bones/22/rest = Transform3D(0.970678, -0.164604, -0.175186, 0.201585, 0.954397, 0.220203, 0.130951, -0.249061, 0.959594, -2.79397e-08, 0.0299516, -2.22353e-08)
bones/22/enabled = true
bones/22/position = Vector3(-2.79397e-08, 0.0299516, -2.22353e-08)
bones/22/rotation = Quaternion(-0.119045, -0.0776619, 0.0928961, 0.985478)
bones/22/scale = Vector3(1, 1, 1)
bones/23/name = "bip_head"
bones/23/parent = 10
bones/23/rest = Transform3D(1, 1.27591e-08, -4.21885e-15, -1.24991e-08, 0.979626, -0.200831, -2.56242e-09, 0.200831, 0.979626, 8.43164e-17, 0.310136, 4.65661e-09)
bones/23/enabled = true
bones/23/position = Vector3(8.43164e-17, 0.310136, 4.65661e-09)
bones/23/rotation = Quaternion(-0.0130047, -0.0578411, 0.0456612, 0.997196)
bones/23/scale = Vector3(1, 1, 1)
bones/24/name = "misc_hair"
bones/24/parent = 23
bones/24/rest = Transform3D(1, 5.94121e-09, -2.38432e-07, -1.68467e-08, -0.995433, -0.0954641, -2.37905e-07, 0.0954621, -0.995454, -7.49024e-09, -0.032286, -0.12035)
bones/24/enabled = true
bones/24/position = Vector3(-7.49024e-09, -0.032286, -0.12035)
bones/24/rotation = Quaternion(0.998858, -2.72948e-09, -1.19219e-07, 0.0477857)
bones/24/scale = Vector3(1, 1, 1.00002)
bones/25/name = "bip_collar_R"
bones/25/parent = 10
bones/25/rest = Transform3D(0.00371051, -0.888905, -0.458077, -0.000920266, -0.458083, 0.888909, -0.999992, -0.00287673, -0.0025177, -0.0349482, 0.240623, -0.0225908)
bones/25/enabled = true
bones/25/position = Vector3(-0.0349482, 0.240623, -0.0225908)
bones/25/rotation = Quaternion(0.564905, -0.390619, -0.649274, -0.326715)
bones/25/scale = Vector3(1, 1, 1)
bones/26/name = "bip_ArmUp_R"
bones/26/parent = 25
bones/26/rest = Transform3D(0.999674, 0.0230378, 0.0110059, -0.0255317, 0.902027, 0.430923, -1.38767e-07, -0.431064, 0.902321, -6.98492e-10, 0.0930163, 5.53555e-08)
bones/26/enabled = true
bones/26/position = Vector3(-6.98492e-10, 0.0930163, 5.53555e-08)
bones/26/rotation = Quaternion(-0.383281, -0.0365528, 0.0372701, 0.922155)
bones/26/scale = Vector3(1, 1, 1)
bones/27/name = "bip_ArmLow_R"
bones/27/parent = 26
bones/27/rest = Transform3D(0.999427, -0.0303038, -0.0150666, 0.030537, 0.999414, 0.01549, 0.0145884, -0.0159412, 0.999767, -1.86265e-09, 0.252126, 6.6706e-08)
bones/27/enabled = true
bones/27/position = Vector3(-1.86265e-09, 0.252126, 6.6706e-08)
bones/27/rotation = Quaternion(-0.0952764, -0.00725461, 0.184423, 0.978191)
bones/27/scale = Vector3(1, 1, 1)
bones/28/name = "bip_Hand_R"
bones/28/parent = 27
bones/28/rest = Transform3D(0.995838, -0.0827985, -0.0380906, 0.0816096, 0.996158, -0.0317755, 0.0405752, 0.0285347, 0.998769, 2.56114e-09, 0.203286, -8.2262e-08)
bones/28/enabled = true
bones/28/position = Vector3(2.56114e-09, 0.203286, -8.2262e-08)
bones/28/rotation = Quaternion(0.0360753, 0.0743797, -0.0847028, 0.992971)
bones/28/scale = Vector3(1, 1, 1)
bones/29/name = "bip_finger0_R"
bones/29/parent = 28
bones/29/rest = Transform3D(0.999211, 0.0315855, 0.0240841, -0.0348725, 0.987884, 0.151227, -0.0190157, -0.151948, 0.988206, 0.00814112, 0.105337, -0.00370282)
bones/29/enabled = true
bones/29/position = Vector3(0.00814112, 0.105337, -0.00370282)
bones/29/rotation = Quaternion(-0.0760289, 0.0108084, -0.016666, 0.996908)
bones/29/scale = Vector3(1, 1, 1)
bones/30/name = "bip_finger1_R"
bones/30/parent = 29
bones/30/rest = Transform3D(0.999973, 0.00732322, 0.000367358, -0.00733243, 0.998718, 0.0500838, -1.12064e-07, -0.0500852, 0.998745, -1.86265e-09, 0.0216452, -1.42027e-08)
bones/30/enabled = true
bones/30/position = Vector3(-1.86265e-09, 0.0216452, -1.42027e-08)
bones/30/rotation = Quaternion(-0.0250503, 9.1897e-05, -0.00366509, 0.99968)
bones/30/scale = Vector3(1, 1, 1)
bones/31/name = "bip_finger2_R"
bones/31/parent = 30
bones/31/rest = Transform3D(0.999485, 0.0303208, 0.0104588, -0.0320336, 0.96, 0.27816, -0.00160643, -0.278352, 0.960478, -1.86265e-09, 0.0212507, -1.73459e-08)
bones/31/enabled = true
bones/31/position = Vector3(-1.86265e-09, 0.0212507, -1.73459e-08)
bones/31/rotation = Quaternion(-0.140541, 0.00304695, -0.0157469, 0.989945)
bones/31/scale = Vector3(1, 1, 1)
bones/32/name = "bip_index0_R"
bones/32/parent = 28
bones/32/rest = Transform3D(0.999039, -0.0359101, 0.0251526, 0.0325836, 0.991988, 0.122061, -0.0293343, -0.121124, 0.992204, -0.029679, 0.105003, -0.00266827)
bones/32/enabled = true
bones/32/position = Vector3(-0.029679, 0.105003, -0.00266827)
bones/32/rotation = Quaternion(-0.0609239, 0.0136504, 0.0171594, 0.997902)
bones/32/scale = Vector3(1, 1, 1)
bones/33/name = "bip_index1_R"
bones/33/parent = 32
bones/33/rest = Transform3D(0.999719, 0.0235508, 0.00277615, -0.0237036, 0.988966, 0.146236, 0.000698451, -0.146261, 0.989246, -1.86265e-09, 0.0214244, 2.20316e-08)
bones/33/enabled = true
bones/33/position = Vector3(-1.86265e-09, 0.0214244, 2.20316e-08)
bones/33/rotation = Quaternion(-0.0733267, 0.000520864, -0.0118463, 0.997238)
bones/33/scale = Vector3(1, 1, 1)
bones/34/name = "bip_index2_R"
bones/34/parent = 33
bones/34/rest = Transform3D(1, 0.000726349, 0.000252876, -0.000763796, 0.97646, 0.215697, -9.02514e-05, -0.215698, 0.97646, 2.56114e-09, 0.0213244, -6.49597e-08)
bones/34/enabled = true
bones/34/position = Vector3(2.56114e-09, 0.0213244, -6.49597e-08)
bones/34/rotation = Quaternion(-0.108489, 8.62911e-05, -0.000374748, 0.994098)
bones/34/scale = Vector3(1, 1, 1)
bones/35/name = "bip_thumb0_R"
bones/35/parent = 28
bones/35/rest = Transform3D(0.597293, -0.561475, -0.572701, 0.744091, 0.654406, 0.134464, 0.299281, -0.506456, 0.808661, -0.0383434, 0.0522677, 0.00202022)
bones/35/enabled = true
bones/35/position = Vector3(-0.0383434, 0.0522677, 0.00202022)
bones/35/rotation = Quaternion(-0.183184, -0.249225, 0.373149, 0.874694)
bones/35/scale = Vector3(1, 1, 1)
bones/36/name = "bip_thumb1_R"
bones/36/parent = 35
bones/36/rest = Transform3D(0.970678, 0.164604, 0.175186, -0.201585, 0.954397, 0.220203, -0.130951, -0.249061, 0.959594, -4.77885e-08, 0.0299515, -5.00004e-08)
bones/36/enabled = true
bones/36/position = Vector3(-4.77885e-08, 0.0299515, -5.00004e-08)
bones/36/rotation = Quaternion(-0.119045, 0.0776619, -0.0928961, 0.985478)
bones/36/scale = Vector3(1, 1, 1)
bones/37/name = "bip_LegUp_L"
bones/37/parent = 9
bones/37/rest = Transform3D(1, -1.90436e-08, -1.06895e-07, -2.72952e-08, -0.996974, -0.0777333, -1.05091e-07, 0.0777326, -0.996983, 0.0830485, -0.0107806, 0.000322778)
bones/37/enabled = true
bones/37/position = Vector3(0.0830485, -0.0107806, 0.000322778)
bones/37/rotation = Quaternion(0.997298, 0.0220045, 0.0176786, 0.0678182)
bones/37/scale = Vector3(1, 0.999999, 1.00005)
bones/38/name = "bip_legLow_L"
bones/38/parent = 37
bones/38/rest = Transform3D(0.999988, -0.00349717, -0.0033979, 0.00322663, 0.997057, -0.0766017, 0.00365579, 0.0765898, 0.997056, -6.23833e-09, 0.391238, 1.29645e-09)
bones/38/enabled = true
bones/38/position = Vector3(-6.23833e-09, 0.391238, 1.29645e-09)
bones/38/rotation = Quaternion(0.17189, -0.00174045, 0.00754426, 0.985086)
bones/38/scale = Vector3(1, 1.00005, 0.999958)
bones/39/name = "bip_foot_L"
bones/39/parent = 38
bones/39/rest = Transform3D(0.999988, -0.00131182, 0.00469652, -0.00349742, 0.4782, 0.878244, -0.00339797, -0.87825, 0.47819, -1.09139e-09, 0.374513, 8.73115e-11)
bones/39/enabled = true
bones/39/position = Vector3(-1.09139e-09, 0.374513, 8.73115e-11)
bones/39/rotation = Quaternion(-0.590442, -0.0206956, 0.0104952, 0.806746)
bones/39/scale = Vector3(1, 1, 1)
bones/40/name = "bip_LegUp_R"
bones/40/parent = 9
bones/40/rest = Transform3D(1, 1.90436e-08, -6.74274e-08, 1.37447e-08, -0.996974, -0.0777333, -6.87031e-08, 0.0777326, -0.996983, -0.0830485, -0.0107806, 0.000322803)
bones/40/enabled = true
bones/40/position = Vector3(-0.0830485, -0.0107806, 0.000322803)
bones/40/rotation = Quaternion(0.99588, -0.043524, -0.0482153, 0.0632849)
bones/40/scale = Vector3(1, 1, 1.00005)
bones/41/name = "bip_legLow_R"
bones/41/parent = 40
bones/41/rest = Transform3D(0.999988, 0.00349718, 0.0033979, -0.00322664, 0.997057, -0.0766017, -0.00365579, 0.0765898, 0.997056, -3.86915e-09, 0.391238, 1.24697e-09)
bones/41/enabled = true
bones/41/position = Vector3(-3.86915e-09, 0.391238, 1.24697e-09)
bones/41/rotation = Quaternion(0.165274, 0.00174245, -0.00725396, 0.98622)
bones/41/scale = Vector3(1, 1.00005, 0.999957)
bones/42/name = "bip_foot_R"
bones/42/parent = 41
bones/42/rest = Transform3D(0.999988, 0.00131193, -0.00469604, 0.00349695, 0.4782, 0.878244, 0.00339784, -0.87825, 0.47819, -2.88128e-09, 0.374513, 8.73115e-10)
bones/42/enabled = true
bones/42/position = Vector3(-2.88128e-09, 0.374513, 8.73115e-10)
bones/42/rotation = Quaternion(-0.587272, 0.0544981, -0.0156066, 0.807402)
bones/42/scale = Vector3(0.999989, 1, 1.00001)
bones/43/name = "neutral_bone"
bones/43/parent = -1
bones/43/rest = Transform3D(1, 0, 0, 0, 0, 1, 0, -1, 0, 0, 0, 0)
bones/43/enabled = true
bones/43/position = Vector3(0, 0, 0)
bones/43/rotation = Quaternion(-0.707107, 0, 0, 0.707107)
bones/43/scale = Vector3(1, 1, 1)

[node name="character_youngadult_female" type="MeshInstance3D" parent="characters/character_rig_youngadult_female/Skeleton3D"]
mesh = ExtResource("1_u4aek")
skin = SubResource("Skin_64d77")

[node name="AnimationPlayer" type="AnimationPlayer" parent="characters"]
libraries = {
"": SubResource("AnimationLibrary_giu1q")
}
autoplay = "idle_generic3"
