[gd_scene load_steps=8 format=3 uid="uid://qmrog76fwnmm"]

[ext_resource type="PackedScene" uid="uid://dch6y6iihywuc" path="res://game/base_zone.tscn" id="1_61gii"]
[ext_resource type="PackedScene" uid="uid://iw3jh5lhjs2e" path="res://assets/models/zones/living_room/living_room.blend" id="2_tag1c"]
[ext_resource type="PackedScene" uid="uid://cl4117yiyu3yh" path="res://game/zones/test_item.tscn" id="3_al7vx"]
[ext_resource type="PackedScene" uid="uid://boll40m3suscs" path="res://game/zones/living_room/scenes/end_table.tscn" id="4_faaiq"]
[ext_resource type="PackedScene" uid="uid://b3sgfc1eweadf" path="res://components/funeral_card.tscn" id="5_dsco0"]

[sub_resource type="WorldBoundaryShape3D" id="WorldBoundaryShape3D_l85wr"]

[sub_resource type="Environment" id="Environment_apxhd"]
background_mode = 1
ambient_light_source = 2
ambient_light_color = Color(0.905882, 0.843137, 0.705882, 1)
ambient_light_energy = 0.5
reflected_light_source = 1
sdfgi_read_sky_light = false

[node name="LivingRoom" instance=ExtResource("1_61gii")]

[node name="XROrigin3D" parent="." index="0"]
transform = Transform3D(-0.705587, 0, -0.708623, 0, 1, 0, 0.708623, 0, -0.705587, -1.71253, -0.0336731, 0)

[node name="Model" parent="." index="1" instance=ExtResource("2_tag1c")]

[node name="Floor" type="StaticBody3D" parent="." index="2"]

[node name="CollisionShape3D" type="CollisionShape3D" parent="Floor" index="0"]
shape = SubResource("WorldBoundaryShape3D_l85wr")

[node name="WorldEnvironment" type="WorldEnvironment" parent="." index="3"]
environment = SubResource("Environment_apxhd")

[node name="Lighting" type="Node3D" parent="." index="4"]

[node name="OmniLight3D" type="OmniLight3D" parent="Lighting" index="0"]
transform = Transform3D(1, 0, 0, 0, 1, 0, 0, 0, 1, 1.40268, 1.49688, -0.954904)
light_color = Color(1, 0.968627, 0.898039, 1)
omni_range = 10.0

[node name="OmniLight3D2" type="OmniLight3D" parent="Lighting" index="1"]
transform = Transform3D(1, 0, 0, 0, 1, 0, 0, 0, 1, 5.51307, 0.694264, -1.98649)
light_color = Color(1, 0.968627, 0.898039, 1)

[node name="OmniLight3D3" type="OmniLight3D" parent="Lighting" index="2"]
transform = Transform3D(1, 0, 0, 0, 1, 0, 0, 0, 1, 0.840763, 0.622989, 3.70981)
light_color = Color(1, 0.968627, 0.898039, 1)
light_energy = 1.5

[node name="SpotLight3D" type="SpotLight3D" parent="Lighting" index="3"]
transform = Transform3D(-1, 3.48787e-16, -8.74228e-08, 3.48787e-16, 1, -3.48787e-16, 8.74228e-08, -3.48787e-16, -1, 0, 1.37565, -5.78764)
visible = false
light_energy = 5.0
spot_range = 10.0
spot_angle = 73.7

[node name="TestItem" parent="." index="5" instance=ExtResource("3_al7vx")]
transform = Transform3D(1, 0, 0, 0, 1, 0, 0, 0, 1, -2.84158, 1.13757, -0.114233)
scene_switch_enabled = false

[node name="InteractableEndTable" parent="." index="6" instance=ExtResource("4_faaiq")]
transform = Transform3D(0.0839741, 0, -0.996468, 0, 1, 0, 0.996468, 0, 0.083974, -1.68582, -0.0431562, -1.02612)

[node name="InteractableEndTable2" parent="." index="7" instance=ExtResource("4_faaiq")]
transform = Transform3D(-0.243108, 0, 0.969999, 0, 1, 0, -0.969999, 0, -0.243108, 5.5105, -0.0596634, -2.008)

[node name="InteractableEndTable3" parent="." index="8" instance=ExtResource("4_faaiq")]
transform = Transform3D(-0.999997, 0, -0.00228696, 0, 1, 0, 0.00228699, 0, -0.999997, 1.41455, -0.0380317, 1.99868)

[node name="FuneralCard" parent="." index="9" instance=ExtResource("5_dsco0")]
transform = Transform3D(-0.891173, 0, -0.453664, 0, 1, 0, 0.453664, 0, -0.891173, -1.66464, 0.502041, -1.07718)
zone_scene = ""
scene_switch_enabled = false
